set view 0,0
set pm3d at b
set palette rgbformulae 30,31,32
set dgrid3d 16,30
unset key
splot '-' with lines palette
0 0 150.000000
1 0 -10.000000
2 0 -10.000000
3 0 -10.000000
4 0 -10.000000
5 0 -10.000000
6 0 -10.000000
7 0 -10.000000
8 0 -10.000000
9 0 -10.000000
10 0 -10.000000
11 0 -10.000000
12 0 -10.000000
13 0 -10.000000
14 0 -10.000000
15 0 -10.000000
16 0 -10.000000
17 0 -10.000000
18 0 -10.000000
19 0 -10.000000
20 0 -10.000000
21 0 -10.000000
22 0 -10.000000
23 0 -10.000000
24 0 -10.000000
25 0 -10.000000
26 0 -10.000000
27 0 -10.000000
28 0 -10.000000
29 0 100.000000
0 1 150.000000
1 1 40.300328
2 1 11.504760
3 1 -0.513766
4 1 -7.168554
5 1 -11.356215
6 1 -14.130076
7 1 -16.002695
8 1 -17.273889
9 1 -18.136169
10 1 -18.718033
11 1 -19.106146
12 1 -19.358575
13 1 -19.513289
14 1 -19.593661
15 1 -19.611883
16 1 -19.570757
17 1 -19.464127
18 1 -19.276026
19 1 -18.978421
20 1 -18.527310
21 1 -17.856597
22 1 -16.868683
23 1 -15.419094
24 1 -13.287227
25 1 -10.105616
26 1 -5.138170
27 1 3.609340
28 1 23.970456
29 1 100.000000
0 2 150.000000
1 2 67.587932
2 2 28.237384
3 2 7.446782
4 2 -5.038868
5 2 -13.114579
6 2 -18.516506
7 2 -22.176462
8 2 -24.664091
9 2 -26.352101
10 2 -27.491177
11 2 -28.250885
12 2 -28.744945
13 2 -29.047724
14 2 -29.205001
15 2 -29.240648
16 2 -29.160146
17 2 -28.951429
18 2 -28.583199
19 2 -28.000506
20 2 -27.117085
21 2 -25.803421
22 2 -23.868686
23 2 -21.032259
24 2 -16.873049
25 2 -10.719203
26 2 -1.351558
27 2 13.915254
28 2 42.106336
29 2 100.000000
0 3 150.000000
1 3 82.626926
2 3 39.690734
3 3 13.045034
4 3 -4.163565
5 3 -15.633485
6 3 -23.398429
7 3 -28.683692
8 3 -32.281740
9 3 -34.724174
10 3 -36.372231
11 3 -37.471187
12 3 -38.185724
13 3 -38.623546
14 3 -38.850937
15 3 -38.902451
16 3 -38.786004
17 3 -38.484104
18 3 -37.951374
19 3 -37.108132
20 3 -35.829239
21 3 -33.926904
22 3 -31.125169
23 3 -27.021683
24 3 -21.026233
25 3 -12.246937
26 3 0.757070
27 3 20.544930
28 3 51.793483
29 3 100.000000
0 4 150.000000
1 4 90.714985
2 4 46.510344
3 4 15.958953
4 4 -4.920596
5 4 -19.206252
6 4 -28.985683
7 4 -35.670840
8 4 -40.228097
9 4 -43.322203
10 4 -45.409474
11 4 -46.800835
12 4 -47.705214
13 4 -48.259223
14 4 -48.546901
15 4 -48.612029
16 4 -48.464614
17 4 -48.082436
18 4 -47.407873
19 4 -46.339677
20 4 -44.718729
21 4 -42.306217
22 4 -38.751929
23 4 -33.549265
24 4 -25.971267
25 4 -14.976367
26 4 0.936067
27 4 23.914676
28 4 56.657030
29 4 100.000000
0 5 150.000000
1 5 94.513515
2 5 49.446364
3 5 16.121772
4 5 -7.553225
5 5 -24.060789
6 5 -35.453087
7 5 -43.263257
8 5 -48.590639
9 5 -52.206620
10 5 -54.644664
11 5 -56.269002
12 5 -57.324364
13 5 -57.970656
14 5 -58.306168
15 5 -58.382063
16 5 -58.210002
17 5 -57.763936
18 5 -56.976339
19 5 -55.728448
20 5 -53.833374
21 5 -51.010302
22 5 -46.847561
23 5 -40.752498
24 5 -31.888219
25 5 -19.104562
26 5 -0.894869
27 5 24.507180
28 5 58.505291
29 5 100.000000
0 6 150.000000
1 6 95.348324
2 6 49.042277
3 6 13.539817
4 6 -12.224590
5 6 -30.370334
6 6 -42.939407
7 6 -51.561891
8 6 -57.439980
9 6 -61.426095
10 6 -64.111308
11 6 -65.899011
12 6 -67.059872
13 6 -67.770490
14 6 -68.139282
15 6 -68.222627
16 6 -68.033328
17 6 -67.542581
18 6 -66.675733
19 6 -65.301308
20 6 -63.211982
21 6 -60.095449
22 6 -55.492831
23 6 -48.743419
24 6 -38.920016
25 6 -24.776162
26 6 -4.771631
27 6 22.654581
28 6 58.221187
29 6 100.000000
0 7 150.000000
1 7 93.809265
2 7 45.565170
3 7 8.187927
4 7 -19.063041
5 7 -38.266133
6 7 -51.548313
7 7 -60.641151
8 7 -66.827482
9 7 -71.015605
10 7 -73.833244
11 7 -75.707322
12 7 -76.923450
13 7 -77.667553
14 7 -78.053591
15 7 -78.140743
16 7 -77.942400
17 7 -77.428207
18 7 -76.519504
19 7 -75.077517
20 7 -72.882774
21 7 -69.603305
22 7 -64.748744
23 7 -57.608720
24 7 -47.180742
25 7 -32.114800
26 7 -10.759449
27 7 18.486493
28 7 56.170055
29 7 100.000000
0 8 -77.942400
1 8 -77.428207
2 8 -76.519504
3 8 -75.077517
4 8 -72.882774
5 8 -69.603305
6 8 -64.748744
7 8 -57.608720
8 8 -47.180742
9 8 -32.114800
10 8 -10.759449
11 8 18.486493
12 8 56.170055
13 8 100.000000
14 8 150.000000
15 8 90.009828
16 8 38.997047
17 8 -0.044326
18 8 -28.190666
19 8 -47.846103
20 8 -61.348854
21 8 -70.547151
22 8 -76.783364
23 8 -80.994941
24 8 -83.823570
25 8 -85.702783
26 8 -86.921292
27 8 -87.666466
28 8 -88.052915
29 8 -88.140068
0 9 -87.941313
1 9 -87.426050
2 9 -86.514965
3 9 -85.067844
4 9 -82.862110
5 9 -79.559186
6 9 -74.654744
7 9 -67.409261
8 9 -56.760712
9 9 -41.242425
10 9 -18.991702
11 9 11.918370
12 9 52.370618
13 9 100.000000
14 9 150.000000
15 9 83.656822
16 9 29.023725
17 9 -11.375612
18 9 -39.733481
19 9 -59.176169
20 9 -72.373773
21 9 -81.295701
22 9 -87.315141
23 9 -91.367648
24 9 -94.083953
25 9 -95.886177
26 9 -97.053772
27 9 -97.767417
28 9 -98.137371
29 9 -98.220716
0 10 -98.030256
1 10 -97.536481
2 10 -96.662899
3 10 -95.273954
4 10 -93.153535
5 10 -89.970611
6 10 -85.226641
7 10 -78.177784
8 10 -67.725851
9 10 -52.285054
10 10 -29.687059
11 10 2.636029
12 10 46.529685
13 10 100.000000
14 10 150.000000
15 10 73.972948
16 10 15.001688
17 10 -26.132025
18 10 -53.812170
19 10 -72.282615
20 10 -84.614884
21 10 -92.869846
22 10 -98.406403
23 10 -102.120431
24 10 -104.604342
25 10 -106.250089
26 10 -107.315375
27 10 -107.966129
28 10 -108.303353
29 10 -108.379247
0 11 -108.205475
1 11 -107.754946
2 11 -106.957426
3 11 -105.688127
4 11 -103.747185
5 11 -100.826066
6 11 -96.454149
7 11 -89.914295
8 11 -80.110045
9 11 -65.363507
10 11 -43.148666
11 11 -9.937496
12 11 37.964725
13 11 100.000000
14 11 150.000000
15 11 59.437650
16 11 -4.094140
17 11 -44.715231
18 11 -70.510508
19 11 -87.135031
20 11 -98.015762
21 11 -105.217227
22 11 -110.016072
23 11 -113.223114
24 11 -115.363142
25 11 -116.779108
26 11 -117.694889
27 11 -118.254024
28 11 -118.543668
29 11 -118.608795
0 12 -118.459415
1 12 -118.072111
2 12 -117.386147
3 12 -116.293345
4 12 -114.619640
5 12 -112.094192
6 12 -108.298316
7 12 -102.579344
8 12 -93.900045
9 12 -80.566278
10 12 -59.738117
11 12 -26.689808
12 12 25.379695
13 12 100.000000
14 12 150.000000
15 12 37.213659
16 12 -29.706789
17 12 -67.515557
18 12 -89.817415
19 12 -103.621236
20 12 -112.463187
21 12 -118.248019
22 12 -122.078520
23 12 -124.629303
24 12 -126.327896
25 12 -127.450404
26 12 -128.175849
27 12 -128.618573
28 12 -128.847845
29 12 -128.899358
0 13 -128.781032
1 13 -128.474228
2 13 -127.930590
3 13 -127.063798
4 13 -125.734368
5 13 -123.723685
6 13 -120.689497
7 13 -116.086441
8 13 -109.013984
9 13 -97.900788
10 13 -79.803520
11 13 -48.852593
12 13 6.380215
13 13 100.000000
14 13 150.000000
15 13 1.943369
16 13 -63.600094
17 13 -94.726737
18 13 -111.541543
19 13 -121.518818
20 13 -127.780193
21 13 -131.834710
22 13 -134.504978
23 13 -136.277892
24 13 -137.456516
25 13 -138.234641
26 13 -138.737228
27 13 -139.043838
28 13 -139.202584
29 13 -139.238232
0 14 -139.156260
1 14 -138.943711
2 14 -138.566954
3 14 -137.965845
4 14 -137.042876
5 14 -135.644308
6 14 -133.526934
7 14 -130.295947
8 14 -125.277287
9 14 -117.221878
10 14 -103.525076
11 14 -77.922225
12 14 -23.538227
13 14 100.000000
14 14 150.000000
15 14 -56.797333
16 14 -107.283073
17 14 -126.008839
18 14 -135.210568
19 14 -140.473366
20 14 -143.724927
21 14 -145.815143
22 14 -147.186683
23 14 -148.095524
24 14 -148.699055
25 14 -149.097253
26 14 -149.354351
27 14 -149.511162
28 14 -149.592339
29 14 -149.610561
0 15 -149.568630
1 15 -149.459903
2 15 -149.267133
3 15 -148.959443
4 15 -148.486665
5 15 -147.769391
6 15 -146.681131
7 15 -145.013946
8 15 -142.404378
9 15 -138.147630
10 15 -130.633242
11 15 -115.178493
12 15 -73.127205
13 15 100.000000
14 15 -160.000000
15 15 -160.000000
16 15 -160.000000
17 15 -160.000000
18 15 -160.000000
19 15 -160.000000
20 15 -160.000000
21 15 -160.000000
22 15 -160.000000
23 15 -160.000000
24 15 -160.000000
25 15 -160.000000
26 15 -160.000000
27 15 -160.000000
28 15 -160.000000
29 15 -160.000000
e
pause 0.1
